1
16 50
256 1024 32 256 256 8 64 8 8 512 32 128 8 128 32 8 
32 64 512 16 256 64 8 16 16 32 8 32 8 8 8 128   
8 128 16 16 8 32 32 64 32 32 32 64 16 128 32 16 
16 8 8 8 32 32 64 128 64 8 128 8 64 8 8 128     
64 64 64 64 64 16 32 8 32 16 64 32 64 16 16 32  
16 8 16 16 8 64 16 32 16 32 8 16 8 32 32 16     
32 16 32 8 32 8 16 8 8 8 8 32 8 8 32 16
16 16 16 8 16 32 16 32 8 16 8 16 16 8 32 8      
8 8 8 16 32 16 16 8 8 8 16 32 16 16 16 16       
8 8 16 8 16 8 16 8 8 16 16 8 16 16 16 16
16 8 16 8 16 8 16 8 16 8 16 16 8 8 8 8
8 8 8 8 16 16 16 8 8 8 16 16 8 16 8 8
16 16 16 16 8 8 8 8 8 8 8 8 8 8 8 8
8 8 8 8 8 8 8 8 8 8 8 8 8 8 8 8
8 8 8 8 8 8 8 8 8 8 8 8 8 8 8 8
8 8 8 8 8 8 8 8 8 8 8 8 8 8 8 0
